X(i);V(i);RH(i);Temp(i);Pgas(i)
-0.100E-02;0.000E+00;0.100E+01;0.100E+01;0.100E+01
0.000E+00;0.000E+00;0.100E+01;0.100E+01;0.100E+01
0.100E-02;0.000E+00;0.100E+01;0.100E+01;0.100E+01
0.200E-02;0.000E+00;0.100E+01;0.100E+01;0.100E+01
0.300E-02;0.000E+00;0.100E+01;0.100E+01;0.100E+01
0.400E-02;0.000E+00;0.100E+01;0.100E+01;0.100E+01
0.500E-02;0.000E+00;0.100E+01;0.100E+01;0.100E+01
0.600E-02;0.000E+00;0.100E+01;0.100E+01;0.100E+01
0.700E-02;0.000E+00;0.100E+01;0.100E+01;0.100E+01
0.800E-02;0.000E+00;0.100E+01;0.100E+01;0.100E+01
0.900E-02;0.000E+00;0.100E+01;0.100E+01;0.100E+01
0.100E-01;0.000E+00;0.100E+01;0.100E+01;0.100E+01
0.110E-01;0.000E+00;0.100E+01;0.100E+01;0.100E+01
0.120E-01;0.000E+00;0.100E+01;0.100E+01;0.100E+01
0.130E-01;0.000E+00;0.100E+01;0.100E+01;0.100E+01
0.140E-01;0.000E+00;0.100E+01;0.100E+01;0.100E+01
0.150E-01;0.000E+00;0.100E+01;0.100E+01;0.100E+01
0.160E-01;0.000E+00;0.100E+01;0.100E+01;0.100E+01
0.170E-01;0.000E+00;0.100E+01;0.100E+01;0.100E+01
0.180E-01;0.000E+00;0.100E+01;0.100E+01;0.100E+01
0.190E-01;0.000E+00;0.100E+01;0.100E+01;0.100E+01
0.200E-01;0.000E+00;0.100E+01;0.100E+01;0.100E+01
0.210E-01;0.000E+00;0.100E+01;0.100E+01;0.100E+01
0.220E-01;0.000E+00;0.100E+01;0.100E+01;0.100E+01
0.230E-01;0.000E+00;0.100E+01;0.100E+01;0.100E+01
0.240E-01;0.000E+00;0.100E+01;0.100E+01;0.100E+01
0.250E-01;0.000E+00;0.100E+01;0.100E+01;0.100E+01
0.260E-01;0.000E+00;0.100E+01;0.100E+01;0.100E+01
0.270E-01;0.000E+00;0.100E+01;0.100E+01;0.100E+01
0.280E-01;0.000E+00;0.100E+01;0.100E+01;0.100E+01
0.290E-01;0.000E+00;0.100E+01;0.100E+01;0.100E+01
0.300E-01;0.000E+00;0.100E+01;0.100E+01;0.100E+01
0.310E-01;0.000E+00;0.100E+01;0.100E+01;0.100E+01
0.320E-01;0.000E+00;0.100E+01;0.100E+01;0.100E+01
0.330E-01;0.000E+00;0.100E+01;0.100E+01;0.100E+01
0.340E-01;0.000E+00;0.100E+01;0.100E+01;0.100E+01
0.350E-01;0.000E+00;0.100E+01;0.100E+01;0.100E+01
0.360E-01;0.000E+00;0.100E+01;0.100E+01;0.100E+01
0.370E-01;0.000E+00;0.100E+01;0.100E+01;0.100E+01
0.380E-01;0.000E+00;0.100E+01;0.100E+01;0.100E+01
0.390E-01;0.000E+00;0.100E+01;0.100E+01;0.100E+01
0.400E-01;0.000E+00;0.100E+01;0.100E+01;0.100E+01
0.410E-01;0.000E+00;0.100E+01;0.100E+01;0.100E+01
0.420E-01;0.000E+00;0.100E+01;0.100E+01;0.100E+01
0.430E-01;0.000E+00;0.100E+01;0.100E+01;0.100E+01
0.440E-01;0.000E+00;0.100E+01;0.100E+01;0.100E+01
0.450E-01;0.000E+00;0.100E+01;0.100E+01;0.100E+01
0.460E-01;0.000E+00;0.100E+01;0.100E+01;0.100E+01
0.470E-01;0.000E+00;0.100E+01;0.100E+01;0.100E+01
0.480E-01;0.000E+00;0.100E+01;0.100E+01;0.100E+01
0.490E-01;0.000E+00;0.100E+01;0.100E+01;0.100E+01
0.500E-01;0.000E+00;0.100E+01;0.100E+01;0.100E+01
0.510E-01;0.000E+00;0.100E+01;0.100E+01;0.100E+01
0.520E-01;0.000E+00;0.100E+01;0.100E+01;0.100E+01
0.530E-01;0.000E+00;0.100E+01;0.100E+01;0.100E+01
0.540E-01;0.000E+00;0.100E+01;0.100E+01;0.100E+01
0.550E-01;0.000E+00;0.100E+01;0.100E+01;0.100E+01
0.560E-01;0.000E+00;0.100E+01;0.100E+01;0.100E+01
0.570E-01;0.000E+00;0.100E+01;0.100E+01;0.100E+01
0.580E-01;0.000E+00;0.100E+01;0.100E+01;0.100E+01
0.590E-01;0.000E+00;0.100E+01;0.100E+01;0.100E+01
0.600E-01;0.000E+00;0.100E+01;0.100E+01;0.100E+01
0.610E-01;0.000E+00;0.100E+01;0.100E+01;0.100E+01
0.620E-01;0.000E+00;0.100E+01;0.100E+01;0.100E+01
0.630E-01;0.000E+00;0.100E+01;0.100E+01;0.100E+01
0.640E-01;0.000E+00;0.100E+01;0.100E+01;0.100E+01
0.650E-01;0.000E+00;0.100E+01;0.100E+01;0.100E+01
0.660E-01;0.000E+00;0.100E+01;0.100E+01;0.100E+01
0.670E-01;0.000E+00;0.100E+01;0.100E+01;0.100E+01
0.680E-01;0.000E+00;0.100E+01;0.100E+01;0.100E+01
0.690E-01;0.000E+00;0.100E+01;0.100E+01;0.100E+01
0.700E-01;0.000E+00;0.100E+01;0.100E+01;0.100E+01
0.710E-01;0.000E+00;0.100E+01;0.100E+01;0.100E+01
0.720E-01;0.000E+00;0.100E+01;0.100E+01;0.100E+01
0.730E-01;0.000E+00;0.100E+01;0.100E+01;0.100E+01
0.740E-01;0.000E+00;0.100E+01;0.100E+01;0.100E+01
0.750E-01;0.000E+00;0.100E+01;0.100E+01;0.100E+01
0.760E-01;0.000E+00;0.100E+01;0.100E+01;0.100E+01
0.770E-01;0.000E+00;0.100E+01;0.100E+01;0.100E+01
0.780E-01;0.000E+00;0.100E+01;0.100E+01;0.100E+01
0.790E-01;0.000E+00;0.100E+01;0.100E+01;0.100E+01
0.800E-01;0.000E+00;0.100E+01;0.100E+01;0.100E+01
0.810E-01;0.000E+00;0.100E+01;0.100E+01;0.100E+01
0.820E-01;0.000E+00;0.100E+01;0.100E+01;0.100E+01
0.830E-01;0.000E+00;0.100E+01;0.100E+01;0.100E+01
0.840E-01;0.000E+00;0.100E+01;0.100E+01;0.100E+01
0.850E-01;0.000E+00;0.100E+01;0.100E+01;0.100E+01
0.860E-01;0.000E+00;0.100E+01;0.100E+01;0.100E+01
0.870E-01;0.000E+00;0.100E+01;0.100E+01;0.100E+01
0.880E-01;0.000E+00;0.100E+01;0.100E+01;0.100E+01
0.890E-01;0.000E+00;0.100E+01;0.100E+01;0.100E+01
0.900E-01;0.000E+00;0.100E+01;0.100E+01;0.100E+01
0.910E-01;0.000E+00;0.100E+01;0.100E+01;0.100E+01
0.920E-01;0.000E+00;0.100E+01;0.100E+01;0.100E+01
0.930E-01;0.000E+00;0.100E+01;0.100E+01;0.100E+01
0.940E-01;0.000E+00;0.100E+01;0.100E+01;0.100E+01
0.950E-01;0.000E+00;0.100E+01;0.100E+01;0.100E+01
0.960E-01;0.000E+00;0.100E+01;0.100E+01;0.100E+01
0.970E-01;0.000E+00;0.100E+01;0.100E+01;0.100E+01
0.980E-01;0.000E+00;0.100E+01;0.100E+01;0.100E+01
0.990E-01;0.000E+00;0.100E+01;0.100E+01;0.100E+01
0.100E+00;0.000E+00;0.100E+01;0.100E+01;0.100E+01
0.101E+00;0.000E+00;0.100E+01;0.100E+01;0.100E+01
0.102E+00;0.000E+00;0.100E+01;0.100E+01;0.100E+01
0.103E+00;0.000E+00;0.100E+01;0.100E+01;0.100E+01
0.104E+00;0.000E+00;0.100E+01;0.100E+01;0.100E+01
0.105E+00;0.000E+00;0.100E+01;0.100E+01;0.100E+01
0.106E+00;0.000E+00;0.100E+01;0.100E+01;0.100E+01
0.107E+00;0.000E+00;0.100E+01;0.100E+01;0.100E+01
0.108E+00;0.000E+00;0.100E+01;0.100E+01;0.100E+01
0.109E+00;0.000E+00;0.100E+01;0.100E+01;0.100E+01
0.110E+00;0.000E+00;0.100E+01;0.100E+01;0.100E+01
0.111E+00;0.000E+00;0.100E+01;0.100E+01;0.100E+01
0.112E+00;0.000E+00;0.100E+01;0.100E+01;0.100E+01
0.113E+00;0.000E+00;0.100E+01;0.100E+01;0.100E+01
0.114E+00;0.000E+00;0.100E+01;0.100E+01;0.100E+01
0.115E+00;0.000E+00;0.100E+01;0.100E+01;0.100E+01
0.116E+00;0.000E+00;0.100E+01;0.100E+01;0.100E+01
0.117E+00;0.000E+00;0.100E+01;0.100E+01;0.100E+01
0.118E+00;0.000E+00;0.100E+01;0.100E+01;0.100E+01
0.119E+00;0.000E+00;0.100E+01;0.100E+01;0.100E+01
0.120E+00;0.000E+00;0.100E+01;0.100E+01;0.100E+01
0.121E+00;0.000E+00;0.100E+01;0.100E+01;0.100E+01
0.122E+00;0.000E+00;0.100E+01;0.100E+01;0.100E+01
0.123E+00;0.000E+00;0.100E+01;0.100E+01;0.100E+01
0.124E+00;0.000E+00;0.100E+01;0.100E+01;0.100E+01
0.125E+00;0.000E+00;0.100E+01;0.100E+01;0.100E+01
0.126E+00;0.000E+00;0.100E+01;0.100E+01;0.100E+01
0.127E+00;0.000E+00;0.100E+01;0.100E+01;0.100E+01
0.128E+00;0.000E+00;0.100E+01;0.100E+01;0.100E+01
0.129E+00;0.000E+00;0.100E+01;0.100E+01;0.100E+01
0.130E+00;0.000E+00;0.100E+01;0.100E+01;0.100E+01
0.131E+00;0.000E+00;0.100E+01;0.100E+01;0.100E+01
0.132E+00;0.000E+00;0.100E+01;0.100E+01;0.100E+01
0.133E+00;0.000E+00;0.100E+01;0.100E+01;0.100E+01
0.134E+00;0.000E+00;0.100E+01;0.100E+01;0.100E+01
0.135E+00;0.000E+00;0.100E+01;0.100E+01;0.100E+01
0.136E+00;0.000E+00;0.100E+01;0.100E+01;0.100E+01
0.137E+00;0.000E+00;0.100E+01;0.100E+01;0.100E+01
0.138E+00;0.000E+00;0.100E+01;0.100E+01;0.100E+01
0.139E+00;0.000E+00;0.100E+01;0.100E+01;0.100E+01
0.140E+00;0.000E+00;0.100E+01;0.100E+01;0.100E+01
0.141E+00;0.000E+00;0.100E+01;0.100E+01;0.100E+01
0.142E+00;0.000E+00;0.100E+01;0.100E+01;0.100E+01
0.143E+00;0.000E+00;0.100E+01;0.100E+01;0.100E+01
0.144E+00;0.000E+00;0.100E+01;0.100E+01;0.100E+01
0.145E+00;0.000E+00;0.100E+01;0.100E+01;0.100E+01
0.146E+00;0.000E+00;0.100E+01;0.100E+01;0.100E+01
0.147E+00;0.000E+00;0.100E+01;0.100E+01;0.100E+01
0.148E+00;0.000E+00;0.100E+01;0.100E+01;0.100E+01
0.149E+00;0.000E+00;0.100E+01;0.100E+01;0.100E+01
0.150E+00;0.000E+00;0.100E+01;0.100E+01;0.100E+01
0.151E+00;0.000E+00;0.100E+01;0.100E+01;0.100E+01
0.152E+00;0.000E+00;0.100E+01;0.100E+01;0.100E+01
0.153E+00;0.000E+00;0.100E+01;0.100E+01;0.100E+01
0.154E+00;0.000E+00;0.100E+01;0.100E+01;0.100E+01
0.155E+00;0.000E+00;0.100E+01;0.100E+01;0.100E+01
0.156E+00;0.000E+00;0.100E+01;0.100E+01;0.100E+01
0.157E+00;0.000E+00;0.100E+01;0.100E+01;0.100E+01
0.158E+00;0.000E+00;0.100E+01;0.100E+01;0.100E+01
0.159E+00;0.000E+00;0.100E+01;0.100E+01;0.100E+01
0.160E+00;0.000E+00;0.100E+01;0.100E+01;0.100E+01
0.161E+00;0.000E+00;0.100E+01;0.100E+01;0.100E+01
0.162E+00;0.000E+00;0.100E+01;0.100E+01;0.100E+01
0.163E+00;0.000E+00;0.100E+01;0.100E+01;0.100E+01
0.164E+00;0.000E+00;0.100E+01;0.100E+01;0.100E+01
0.165E+00;0.000E+00;0.100E+01;0.100E+01;0.100E+01
0.166E+00;0.000E+00;0.100E+01;0.100E+01;0.100E+01
0.167E+00;0.000E+00;0.100E+01;0.100E+01;0.100E+01
0.168E+00;0.000E+00;0.100E+01;0.100E+01;0.100E+01
0.169E+00;0.000E+00;0.100E+01;0.100E+01;0.100E+01
0.170E+00;0.000E+00;0.100E+01;0.100E+01;0.100E+01
0.171E+00;0.000E+00;0.100E+01;0.100E+01;0.100E+01
0.172E+00;0.000E+00;0.100E+01;0.100E+01;0.100E+01
0.173E+00;0.000E+00;0.100E+01;0.100E+01;0.100E+01
0.174E+00;0.000E+00;0.100E+01;0.100E+01;0.100E+01
0.175E+00;0.000E+00;0.100E+01;0.100E+01;0.100E+01
0.176E+00;0.000E+00;0.100E+01;0.100E+01;0.100E+01
0.177E+00;0.000E+00;0.100E+01;0.100E+01;0.100E+01
0.178E+00;0.000E+00;0.100E+01;0.100E+01;0.100E+01
0.179E+00;0.000E+00;0.100E+01;0.100E+01;0.100E+01
0.180E+00;0.000E+00;0.100E+01;0.100E+01;0.100E+01
0.181E+00;0.000E+00;0.100E+01;0.100E+01;0.100E+01
0.182E+00;0.000E+00;0.100E+01;0.100E+01;0.100E+01
0.183E+00;0.000E+00;0.100E+01;0.100E+01;0.100E+01
0.184E+00;0.000E+00;0.100E+01;0.100E+01;0.100E+01
0.185E+00;0.000E+00;0.100E+01;0.100E+01;0.100E+01
0.186E+00;0.000E+00;0.100E+01;0.100E+01;0.100E+01
0.187E+00;0.000E+00;0.100E+01;0.100E+01;0.100E+01
0.188E+00;0.000E+00;0.100E+01;0.100E+01;0.100E+01
0.189E+00;0.000E+00;0.100E+01;0.100E+01;0.100E+01
0.190E+00;0.000E+00;0.100E+01;0.100E+01;0.100E+01
0.191E+00;0.000E+00;0.100E+01;0.100E+01;0.100E+01
0.192E+00;0.000E+00;0.100E+01;0.100E+01;0.100E+01
0.193E+00;0.000E+00;0.100E+01;0.100E+01;0.100E+01
0.194E+00;0.000E+00;0.100E+01;0.100E+01;0.100E+01
0.195E+00;0.000E+00;0.100E+01;0.100E+01;0.100E+01
0.196E+00;0.000E+00;0.100E+01;0.100E+01;0.100E+01
0.197E+00;0.000E+00;0.100E+01;0.100E+01;0.100E+01
0.198E+00;0.000E+00;0.100E+01;0.100E+01;0.100E+01
0.199E+00;0.000E+00;0.100E+01;0.100E+01;0.100E+01
0.200E+00;0.000E+00;0.100E+01;0.100E+01;0.100E+01
0.201E+00;0.000E+00;0.100E+01;0.100E+01;0.100E+01
0.202E+00;0.000E+00;0.100E+01;0.100E+01;0.100E+01
0.203E+00;0.000E+00;0.100E+01;0.100E+01;0.100E+01
0.204E+00;0.000E+00;0.100E+01;0.100E+01;0.100E+01
0.205E+00;0.000E+00;0.100E+01;0.100E+01;0.100E+01
0.206E+00;0.000E+00;0.100E+01;0.100E+01;0.100E+01
0.207E+00;0.000E+00;0.100E+01;0.100E+01;0.100E+01
0.208E+00;0.000E+00;0.100E+01;0.100E+01;0.100E+01
0.209E+00;0.000E+00;0.100E+01;0.100E+01;0.100E+01
0.210E+00;0.000E+00;0.100E+01;0.100E+01;0.100E+01
0.211E+00;0.000E+00;0.100E+01;0.100E+01;0.100E+01
0.212E+00;0.000E+00;0.100E+01;0.100E+01;0.100E+01
0.213E+00;0.000E+00;0.100E+01;0.100E+01;0.100E+01
0.214E+00;0.000E+00;0.100E+01;0.100E+01;0.100E+01
0.215E+00;0.000E+00;0.100E+01;0.100E+01;0.100E+01
0.216E+00;0.000E+00;0.100E+01;0.100E+01;0.100E+01
0.217E+00;0.000E+00;0.100E+01;0.100E+01;0.100E+01
0.218E+00;0.000E+00;0.100E+01;0.100E+01;0.100E+01
0.219E+00;0.000E+00;0.100E+01;0.100E+01;0.100E+01
0.220E+00;0.000E+00;0.100E+01;0.100E+01;0.100E+01
0.221E+00;0.000E+00;0.100E+01;0.100E+01;0.100E+01
0.222E+00;0.000E+00;0.100E+01;0.100E+01;0.100E+01
0.223E+00;0.000E+00;0.100E+01;0.100E+01;0.100E+01
0.224E+00;0.000E+00;0.100E+01;0.100E+01;0.100E+01
0.225E+00;0.000E+00;0.100E+01;0.100E+01;0.100E+01
0.226E+00;0.000E+00;0.100E+01;0.100E+01;0.100E+01
0.227E+00;0.000E+00;0.100E+01;0.100E+01;0.100E+01
0.228E+00;0.000E+00;0.100E+01;0.100E+01;0.100E+01
0.229E+00;0.000E+00;0.100E+01;0.100E+01;0.100E+01
0.230E+00;0.000E+00;0.100E+01;0.100E+01;0.100E+01
0.231E+00;0.283E-02;0.998E+00;0.999E+00;0.997E+00
0.232E+00;0.648E-02;0.995E+00;0.998E+00;0.992E+00
0.233E+00;0.101E-01;0.991E+00;0.997E+00;0.988E+00
0.234E+00;0.138E-01;0.988E+00;0.995E+00;0.984E+00
0.235E+00;0.174E-01;0.985E+00;0.994E+00;0.980E+00
0.236E+00;0.211E-01;0.982E+00;0.993E+00;0.975E+00
0.237E+00;0.248E-01;0.979E+00;0.992E+00;0.971E+00
0.238E+00;0.284E-01;0.976E+00;0.990E+00;0.967E+00
0.239E+00;0.321E-01;0.973E+00;0.989E+00;0.963E+00
0.240E+00;0.357E-01;0.970E+00;0.988E+00;0.958E+00
0.241E+00;0.394E-01;0.967E+00;0.987E+00;0.954E+00
0.242E+00;0.430E-01;0.964E+00;0.986E+00;0.950E+00
0.243E+00;0.467E-01;0.961E+00;0.984E+00;0.946E+00
0.244E+00;0.503E-01;0.958E+00;0.983E+00;0.942E+00
0.245E+00;0.540E-01;0.955E+00;0.982E+00;0.938E+00
0.246E+00;0.577E-01;0.952E+00;0.981E+00;0.934E+00
0.247E+00;0.613E-01;0.949E+00;0.979E+00;0.930E+00
0.248E+00;0.650E-01;0.946E+00;0.978E+00;0.926E+00
0.249E+00;0.686E-01;0.943E+00;0.977E+00;0.922E+00
0.250E+00;0.723E-01;0.940E+00;0.976E+00;0.918E+00
0.251E+00;0.759E-01;0.937E+00;0.974E+00;0.914E+00
0.252E+00;0.796E-01;0.935E+00;0.973E+00;0.910E+00
0.253E+00;0.832E-01;0.932E+00;0.972E+00;0.906E+00
0.254E+00;0.869E-01;0.929E+00;0.971E+00;0.902E+00
0.255E+00;0.905E-01;0.926E+00;0.970E+00;0.898E+00
0.256E+00;0.942E-01;0.923E+00;0.968E+00;0.894E+00
0.257E+00;0.979E-01;0.920E+00;0.967E+00;0.890E+00
0.258E+00;0.102E+00;0.917E+00;0.966E+00;0.886E+00
0.259E+00;0.105E+00;0.914E+00;0.965E+00;0.882E+00
0.260E+00;0.109E+00;0.911E+00;0.964E+00;0.878E+00
0.261E+00;0.112E+00;0.908E+00;0.962E+00;0.874E+00
0.262E+00;0.116E+00;0.906E+00;0.961E+00;0.870E+00
0.263E+00;0.120E+00;0.903E+00;0.960E+00;0.867E+00
0.264E+00;0.123E+00;0.900E+00;0.959E+00;0.863E+00
0.265E+00;0.127E+00;0.897E+00;0.957E+00;0.859E+00
0.266E+00;0.131E+00;0.894E+00;0.956E+00;0.855E+00
0.267E+00;0.134E+00;0.891E+00;0.955E+00;0.851E+00
0.268E+00;0.138E+00;0.889E+00;0.954E+00;0.848E+00
0.269E+00;0.142E+00;0.886E+00;0.953E+00;0.844E+00
0.270E+00;0.145E+00;0.883E+00;0.951E+00;0.840E+00
0.271E+00;0.149E+00;0.880E+00;0.950E+00;0.836E+00
0.272E+00;0.153E+00;0.877E+00;0.949E+00;0.833E+00
0.273E+00;0.156E+00;0.875E+00;0.948E+00;0.829E+00
0.274E+00;0.160E+00;0.872E+00;0.947E+00;0.825E+00
0.275E+00;0.164E+00;0.869E+00;0.945E+00;0.822E+00
0.276E+00;0.167E+00;0.866E+00;0.944E+00;0.818E+00
0.277E+00;0.171E+00;0.864E+00;0.943E+00;0.814E+00
0.278E+00;0.175E+00;0.861E+00;0.942E+00;0.811E+00
0.279E+00;0.178E+00;0.858E+00;0.941E+00;0.807E+00
0.280E+00;0.182E+00;0.855E+00;0.939E+00;0.804E+00
0.281E+00;0.186E+00;0.853E+00;0.938E+00;0.800E+00
0.282E+00;0.189E+00;0.850E+00;0.937E+00;0.796E+00
0.283E+00;0.193E+00;0.847E+00;0.936E+00;0.793E+00
0.284E+00;0.197E+00;0.845E+00;0.935E+00;0.789E+00
0.285E+00;0.200E+00;0.842E+00;0.933E+00;0.786E+00
0.286E+00;0.204E+00;0.839E+00;0.932E+00;0.782E+00
0.287E+00;0.208E+00;0.837E+00;0.931E+00;0.779E+00
0.288E+00;0.211E+00;0.834E+00;0.930E+00;0.775E+00
0.289E+00;0.215E+00;0.831E+00;0.929E+00;0.772E+00
0.290E+00;0.218E+00;0.829E+00;0.928E+00;0.768E+00
0.291E+00;0.222E+00;0.826E+00;0.926E+00;0.765E+00
0.292E+00;0.226E+00;0.823E+00;0.925E+00;0.762E+00
0.293E+00;0.229E+00;0.821E+00;0.924E+00;0.758E+00
0.294E+00;0.233E+00;0.818E+00;0.923E+00;0.755E+00
0.295E+00;0.237E+00;0.815E+00;0.922E+00;0.751E+00
0.296E+00;0.240E+00;0.813E+00;0.920E+00;0.748E+00
0.297E+00;0.244E+00;0.810E+00;0.919E+00;0.745E+00
0.298E+00;0.248E+00;0.807E+00;0.918E+00;0.741E+00
0.299E+00;0.251E+00;0.805E+00;0.917E+00;0.738E+00
0.300E+00;0.255E+00;0.802E+00;0.916E+00;0.735E+00
0.301E+00;0.259E+00;0.800E+00;0.914E+00;0.731E+00
0.302E+00;0.262E+00;0.797E+00;0.913E+00;0.728E+00
0.303E+00;0.266E+00;0.795E+00;0.912E+00;0.725E+00
0.304E+00;0.270E+00;0.792E+00;0.911E+00;0.721E+00
0.305E+00;0.273E+00;0.789E+00;0.910E+00;0.718E+00
0.306E+00;0.277E+00;0.787E+00;0.909E+00;0.715E+00
0.307E+00;0.281E+00;0.784E+00;0.907E+00;0.712E+00
0.308E+00;0.284E+00;0.782E+00;0.906E+00;0.708E+00
0.309E+00;0.288E+00;0.779E+00;0.905E+00;0.705E+00
0.310E+00;0.292E+00;0.777E+00;0.904E+00;0.702E+00
0.311E+00;0.295E+00;0.774E+00;0.903E+00;0.699E+00
0.312E+00;0.299E+00;0.772E+00;0.902E+00;0.696E+00
0.313E+00;0.303E+00;0.769E+00;0.900E+00;0.693E+00
0.314E+00;0.306E+00;0.767E+00;0.899E+00;0.689E+00
0.315E+00;0.310E+00;0.764E+00;0.898E+00;0.686E+00
0.316E+00;0.313E+00;0.762E+00;0.897E+00;0.683E+00
0.317E+00;0.317E+00;0.759E+00;0.896E+00;0.680E+00
0.318E+00;0.321E+00;0.757E+00;0.894E+00;0.677E+00
0.319E+00;0.324E+00;0.754E+00;0.893E+00;0.674E+00
0.320E+00;0.328E+00;0.752E+00;0.892E+00;0.671E+00
0.321E+00;0.332E+00;0.749E+00;0.891E+00;0.668E+00
0.322E+00;0.335E+00;0.747E+00;0.890E+00;0.665E+00
0.323E+00;0.339E+00;0.744E+00;0.889E+00;0.662E+00
0.324E+00;0.343E+00;0.742E+00;0.887E+00;0.659E+00
0.325E+00;0.346E+00;0.740E+00;0.886E+00;0.656E+00
0.326E+00;0.350E+00;0.737E+00;0.885E+00;0.653E+00
0.327E+00;0.354E+00;0.735E+00;0.884E+00;0.650E+00
0.328E+00;0.357E+00;0.732E+00;0.883E+00;0.647E+00
0.329E+00;0.361E+00;0.730E+00;0.882E+00;0.644E+00
0.330E+00;0.365E+00;0.728E+00;0.881E+00;0.641E+00
0.331E+00;0.368E+00;0.725E+00;0.879E+00;0.638E+00
0.332E+00;0.372E+00;0.723E+00;0.878E+00;0.635E+00
0.333E+00;0.376E+00;0.720E+00;0.877E+00;0.632E+00
0.334E+00;0.379E+00;0.718E+00;0.876E+00;0.629E+00
0.335E+00;0.383E+00;0.716E+00;0.875E+00;0.626E+00
0.336E+00;0.387E+00;0.713E+00;0.874E+00;0.623E+00
0.337E+00;0.390E+00;0.711E+00;0.872E+00;0.620E+00
0.338E+00;0.394E+00;0.709E+00;0.871E+00;0.617E+00
0.339E+00;0.398E+00;0.706E+00;0.870E+00;0.614E+00
0.340E+00;0.401E+00;0.704E+00;0.869E+00;0.612E+00
0.341E+00;0.405E+00;0.702E+00;0.868E+00;0.609E+00
0.342E+00;0.409E+00;0.699E+00;0.867E+00;0.606E+00
0.343E+00;0.412E+00;0.697E+00;0.866E+00;0.603E+00
0.344E+00;0.416E+00;0.695E+00;0.864E+00;0.600E+00
0.345E+00;0.419E+00;0.692E+00;0.863E+00;0.598E+00
0.346E+00;0.423E+00;0.690E+00;0.862E+00;0.595E+00
0.347E+00;0.427E+00;0.688E+00;0.861E+00;0.592E+00
0.348E+00;0.430E+00;0.685E+00;0.860E+00;0.589E+00
0.349E+00;0.434E+00;0.683E+00;0.859E+00;0.587E+00
0.350E+00;0.438E+00;0.681E+00;0.857E+00;0.584E+00
0.351E+00;0.441E+00;0.679E+00;0.856E+00;0.581E+00
0.352E+00;0.445E+00;0.676E+00;0.855E+00;0.578E+00
0.353E+00;0.449E+00;0.674E+00;0.854E+00;0.576E+00
0.354E+00;0.452E+00;0.672E+00;0.853E+00;0.573E+00
0.355E+00;0.456E+00;0.670E+00;0.852E+00;0.570E+00
0.356E+00;0.460E+00;0.667E+00;0.851E+00;0.568E+00
0.357E+00;0.463E+00;0.665E+00;0.849E+00;0.565E+00
0.358E+00;0.467E+00;0.663E+00;0.848E+00;0.562E+00
0.359E+00;0.471E+00;0.661E+00;0.847E+00;0.560E+00
0.360E+00;0.474E+00;0.658E+00;0.846E+00;0.557E+00
0.361E+00;0.478E+00;0.656E+00;0.845E+00;0.554E+00
0.362E+00;0.482E+00;0.654E+00;0.844E+00;0.552E+00
0.363E+00;0.485E+00;0.652E+00;0.843E+00;0.549E+00
0.364E+00;0.489E+00;0.650E+00;0.842E+00;0.547E+00
0.365E+00;0.493E+00;0.647E+00;0.840E+00;0.544E+00
0.366E+00;0.496E+00;0.645E+00;0.839E+00;0.542E+00
0.367E+00;0.500E+00;0.643E+00;0.838E+00;0.539E+00
0.368E+00;0.504E+00;0.641E+00;0.837E+00;0.536E+00
0.369E+00;0.507E+00;0.639E+00;0.836E+00;0.534E+00
0.370E+00;0.511E+00;0.637E+00;0.835E+00;0.531E+00
0.371E+00;0.515E+00;0.634E+00;0.834E+00;0.529E+00
0.372E+00;0.518E+00;0.632E+00;0.832E+00;0.526E+00
0.373E+00;0.522E+00;0.630E+00;0.831E+00;0.524E+00
0.374E+00;0.525E+00;0.628E+00;0.830E+00;0.521E+00
0.375E+00;0.529E+00;0.626E+00;0.829E+00;0.519E+00
0.376E+00;0.533E+00;0.624E+00;0.828E+00;0.517E+00
0.377E+00;0.536E+00;0.622E+00;0.827E+00;0.514E+00
0.378E+00;0.540E+00;0.620E+00;0.826E+00;0.512E+00
0.379E+00;0.544E+00;0.618E+00;0.825E+00;0.509E+00
0.380E+00;0.547E+00;0.615E+00;0.824E+00;0.507E+00
0.381E+00;0.551E+00;0.613E+00;0.822E+00;0.504E+00
0.382E+00;0.555E+00;0.611E+00;0.821E+00;0.502E+00
0.383E+00;0.558E+00;0.609E+00;0.820E+00;0.500E+00
0.384E+00;0.562E+00;0.607E+00;0.819E+00;0.497E+00
0.385E+00;0.566E+00;0.605E+00;0.818E+00;0.495E+00
0.386E+00;0.569E+00;0.603E+00;0.817E+00;0.492E+00
0.387E+00;0.573E+00;0.601E+00;0.816E+00;0.490E+00
0.388E+00;0.577E+00;0.599E+00;0.815E+00;0.488E+00
0.389E+00;0.580E+00;0.597E+00;0.813E+00;0.485E+00
0.390E+00;0.584E+00;0.595E+00;0.812E+00;0.483E+00
0.391E+00;0.588E+00;0.593E+00;0.811E+00;0.481E+00
0.392E+00;0.591E+00;0.591E+00;0.810E+00;0.479E+00
0.393E+00;0.595E+00;0.589E+00;0.809E+00;0.476E+00
0.394E+00;0.599E+00;0.587E+00;0.808E+00;0.474E+00
0.395E+00;0.602E+00;0.585E+00;0.807E+00;0.472E+00
0.396E+00;0.606E+00;0.583E+00;0.806E+00;0.469E+00
0.397E+00;0.610E+00;0.581E+00;0.805E+00;0.467E+00
0.398E+00;0.613E+00;0.579E+00;0.803E+00;0.465E+00
0.399E+00;0.617E+00;0.577E+00;0.802E+00;0.463E+00
0.400E+00;0.621E+00;0.575E+00;0.801E+00;0.460E+00
0.401E+00;0.624E+00;0.573E+00;0.800E+00;0.458E+00
0.402E+00;0.628E+00;0.571E+00;0.799E+00;0.456E+00
0.403E+00;0.631E+00;0.569E+00;0.798E+00;0.454E+00
0.404E+00;0.635E+00;0.567E+00;0.797E+00;0.452E+00
0.405E+00;0.639E+00;0.565E+00;0.796E+00;0.449E+00
0.406E+00;0.642E+00;0.563E+00;0.795E+00;0.447E+00
0.407E+00;0.646E+00;0.561E+00;0.794E+00;0.445E+00
0.408E+00;0.650E+00;0.559E+00;0.792E+00;0.443E+00
0.409E+00;0.653E+00;0.557E+00;0.791E+00;0.441E+00
0.410E+00;0.657E+00;0.555E+00;0.790E+00;0.439E+00
0.411E+00;0.661E+00;0.553E+00;0.789E+00;0.436E+00
0.412E+00;0.664E+00;0.551E+00;0.788E+00;0.434E+00
0.413E+00;0.668E+00;0.549E+00;0.787E+00;0.432E+00
0.414E+00;0.672E+00;0.547E+00;0.786E+00;0.430E+00
0.415E+00;0.675E+00;0.545E+00;0.785E+00;0.428E+00
0.416E+00;0.679E+00;0.544E+00;0.784E+00;0.426E+00
0.417E+00;0.683E+00;0.542E+00;0.783E+00;0.424E+00
0.418E+00;0.686E+00;0.540E+00;0.781E+00;0.422E+00
0.419E+00;0.690E+00;0.538E+00;0.780E+00;0.420E+00
0.420E+00;0.694E+00;0.536E+00;0.779E+00;0.418E+00
0.421E+00;0.697E+00;0.534E+00;0.778E+00;0.416E+00
0.422E+00;0.701E+00;0.532E+00;0.777E+00;0.414E+00
0.423E+00;0.705E+00;0.530E+00;0.776E+00;0.412E+00
0.424E+00;0.708E+00;0.529E+00;0.775E+00;0.410E+00
0.425E+00;0.712E+00;0.527E+00;0.774E+00;0.408E+00
0.426E+00;0.716E+00;0.525E+00;0.773E+00;0.406E+00
0.427E+00;0.719E+00;0.523E+00;0.772E+00;0.404E+00
0.428E+00;0.723E+00;0.521E+00;0.771E+00;0.402E+00
0.429E+00;0.727E+00;0.519E+00;0.769E+00;0.400E+00
0.430E+00;0.730E+00;0.518E+00;0.768E+00;0.398E+00
0.431E+00;0.734E+00;0.516E+00;0.767E+00;0.396E+00
0.432E+00;0.737E+00;0.514E+00;0.766E+00;0.394E+00
0.433E+00;0.741E+00;0.512E+00;0.765E+00;0.392E+00
0.434E+00;0.745E+00;0.510E+00;0.764E+00;0.390E+00
0.435E+00;0.748E+00;0.509E+00;0.763E+00;0.388E+00
0.436E+00;0.752E+00;0.507E+00;0.762E+00;0.386E+00
0.437E+00;0.756E+00;0.505E+00;0.761E+00;0.384E+00
0.438E+00;0.759E+00;0.503E+00;0.760E+00;0.382E+00
0.439E+00;0.763E+00;0.501E+00;0.759E+00;0.380E+00
0.440E+00;0.767E+00;0.500E+00;0.758E+00;0.378E+00
0.441E+00;0.770E+00;0.498E+00;0.757E+00;0.377E+00
0.442E+00;0.774E+00;0.496E+00;0.755E+00;0.375E+00
0.443E+00;0.778E+00;0.494E+00;0.754E+00;0.373E+00
0.444E+00;0.781E+00;0.493E+00;0.753E+00;0.371E+00
0.445E+00;0.785E+00;0.491E+00;0.752E+00;0.369E+00
0.446E+00;0.789E+00;0.489E+00;0.751E+00;0.367E+00
0.447E+00;0.792E+00;0.487E+00;0.750E+00;0.366E+00
0.448E+00;0.796E+00;0.486E+00;0.749E+00;0.364E+00
0.449E+00;0.800E+00;0.484E+00;0.748E+00;0.362E+00
0.450E+00;0.803E+00;0.482E+00;0.747E+00;0.360E+00
0.451E+00;0.807E+00;0.480E+00;0.746E+00;0.358E+00
0.452E+00;0.811E+00;0.479E+00;0.745E+00;0.356E+00
0.453E+00;0.814E+00;0.477E+00;0.744E+00;0.355E+00
0.454E+00;0.818E+00;0.475E+00;0.743E+00;0.353E+00
0.455E+00;0.822E+00;0.474E+00;0.742E+00;0.351E+00
0.456E+00;0.825E+00;0.472E+00;0.740E+00;0.349E+00
0.457E+00;0.829E+00;0.470E+00;0.739E+00;0.348E+00
0.458E+00;0.833E+00;0.468E+00;0.738E+00;0.346E+00
0.459E+00;0.836E+00;0.467E+00;0.737E+00;0.344E+00
0.460E+00;0.840E+00;0.465E+00;0.736E+00;0.342E+00
0.461E+00;0.843E+00;0.463E+00;0.735E+00;0.341E+00
0.462E+00;0.847E+00;0.462E+00;0.734E+00;0.339E+00
0.463E+00;0.851E+00;0.460E+00;0.733E+00;0.337E+00
0.464E+00;0.854E+00;0.458E+00;0.732E+00;0.336E+00
0.465E+00;0.858E+00;0.457E+00;0.731E+00;0.334E+00
0.466E+00;0.862E+00;0.455E+00;0.730E+00;0.332E+00
0.467E+00;0.865E+00;0.454E+00;0.729E+00;0.331E+00
0.468E+00;0.869E+00;0.452E+00;0.728E+00;0.329E+00
0.469E+00;0.873E+00;0.450E+00;0.727E+00;0.327E+00
0.470E+00;0.876E+00;0.449E+00;0.726E+00;0.326E+00
0.471E+00;0.880E+00;0.447E+00;0.725E+00;0.324E+00
0.472E+00;0.884E+00;0.445E+00;0.724E+00;0.322E+00
0.473E+00;0.887E+00;0.444E+00;0.723E+00;0.321E+00
0.474E+00;0.891E+00;0.442E+00;0.721E+00;0.319E+00
0.475E+00;0.895E+00;0.441E+00;0.720E+00;0.317E+00
0.476E+00;0.898E+00;0.439E+00;0.719E+00;0.316E+00
0.477E+00;0.902E+00;0.437E+00;0.718E+00;0.314E+00
0.478E+00;0.906E+00;0.436E+00;0.717E+00;0.313E+00
0.479E+00;0.909E+00;0.434E+00;0.716E+00;0.311E+00
0.480E+00;0.913E+00;0.433E+00;0.715E+00;0.309E+00
0.481E+00;0.917E+00;0.431E+00;0.714E+00;0.308E+00
0.482E+00;0.920E+00;0.429E+00;0.713E+00;0.306E+00
0.483E+00;0.924E+00;0.428E+00;0.712E+00;0.305E+00
0.484E+00;0.927E+00;0.426E+00;0.711E+00;0.303E+00
0.485E+00;0.927E+00;0.426E+00;0.711E+00;0.303E+00
0.486E+00;0.927E+00;0.426E+00;0.711E+00;0.303E+00
0.487E+00;0.927E+00;0.426E+00;0.711E+00;0.303E+00
0.488E+00;0.927E+00;0.426E+00;0.711E+00;0.303E+00
0.489E+00;0.927E+00;0.426E+00;0.711E+00;0.303E+00
0.490E+00;0.927E+00;0.426E+00;0.711E+00;0.303E+00
0.491E+00;0.927E+00;0.426E+00;0.711E+00;0.303E+00
0.492E+00;0.927E+00;0.426E+00;0.711E+00;0.303E+00
0.493E+00;0.927E+00;0.426E+00;0.711E+00;0.303E+00
0.494E+00;0.927E+00;0.426E+00;0.711E+00;0.303E+00
0.495E+00;0.927E+00;0.426E+00;0.711E+00;0.303E+00
0.496E+00;0.927E+00;0.426E+00;0.711E+00;0.303E+00
0.497E+00;0.927E+00;0.426E+00;0.711E+00;0.303E+00
0.498E+00;0.927E+00;0.426E+00;0.711E+00;0.303E+00
0.499E+00;0.927E+00;0.426E+00;0.711E+00;0.303E+00
0.500E+00;0.927E+00;0.426E+00;0.711E+00;0.303E+00
0.501E+00;0.927E+00;0.426E+00;0.711E+00;0.303E+00
0.502E+00;0.927E+00;0.426E+00;0.711E+00;0.303E+00
0.503E+00;0.927E+00;0.426E+00;0.711E+00;0.303E+00
0.504E+00;0.927E+00;0.426E+00;0.711E+00;0.303E+00
0.505E+00;0.927E+00;0.426E+00;0.711E+00;0.303E+00
0.506E+00;0.927E+00;0.426E+00;0.711E+00;0.303E+00
0.507E+00;0.927E+00;0.426E+00;0.711E+00;0.303E+00
0.508E+00;0.927E+00;0.426E+00;0.711E+00;0.303E+00
0.509E+00;0.927E+00;0.426E+00;0.711E+00;0.303E+00
0.510E+00;0.927E+00;0.426E+00;0.711E+00;0.303E+00
0.511E+00;0.927E+00;0.426E+00;0.711E+00;0.303E+00
0.512E+00;0.927E+00;0.426E+00;0.711E+00;0.303E+00
0.513E+00;0.927E+00;0.426E+00;0.711E+00;0.303E+00
0.514E+00;0.927E+00;0.426E+00;0.711E+00;0.303E+00
0.515E+00;0.927E+00;0.426E+00;0.711E+00;0.303E+00
0.516E+00;0.927E+00;0.426E+00;0.711E+00;0.303E+00
0.517E+00;0.927E+00;0.426E+00;0.711E+00;0.303E+00
0.518E+00;0.927E+00;0.426E+00;0.711E+00;0.303E+00
0.519E+00;0.927E+00;0.426E+00;0.711E+00;0.303E+00
0.520E+00;0.927E+00;0.426E+00;0.711E+00;0.303E+00
0.521E+00;0.927E+00;0.426E+00;0.711E+00;0.303E+00
0.522E+00;0.927E+00;0.426E+00;0.711E+00;0.303E+00
0.523E+00;0.927E+00;0.426E+00;0.711E+00;0.303E+00
0.524E+00;0.927E+00;0.426E+00;0.711E+00;0.303E+00
0.525E+00;0.927E+00;0.426E+00;0.711E+00;0.303E+00
0.526E+00;0.927E+00;0.426E+00;0.711E+00;0.303E+00
0.527E+00;0.927E+00;0.426E+00;0.711E+00;0.303E+00
0.528E+00;0.927E+00;0.426E+00;0.711E+00;0.303E+00
0.529E+00;0.927E+00;0.426E+00;0.711E+00;0.303E+00
0.530E+00;0.927E+00;0.426E+00;0.711E+00;0.303E+00
0.531E+00;0.927E+00;0.426E+00;0.711E+00;0.303E+00
0.532E+00;0.927E+00;0.426E+00;0.711E+00;0.303E+00
0.533E+00;0.927E+00;0.426E+00;0.711E+00;0.303E+00
0.534E+00;0.927E+00;0.426E+00;0.711E+00;0.303E+00
0.535E+00;0.927E+00;0.426E+00;0.711E+00;0.303E+00
0.536E+00;0.927E+00;0.426E+00;0.711E+00;0.303E+00
0.537E+00;0.927E+00;0.426E+00;0.711E+00;0.303E+00
0.538E+00;0.927E+00;0.426E+00;0.711E+00;0.303E+00
0.539E+00;0.927E+00;0.426E+00;0.711E+00;0.303E+00
0.540E+00;0.927E+00;0.426E+00;0.711E+00;0.303E+00
0.541E+00;0.927E+00;0.426E+00;0.711E+00;0.303E+00
0.542E+00;0.927E+00;0.426E+00;0.711E+00;0.303E+00
0.543E+00;0.927E+00;0.426E+00;0.711E+00;0.303E+00
0.544E+00;0.927E+00;0.426E+00;0.711E+00;0.303E+00
0.545E+00;0.927E+00;0.426E+00;0.711E+00;0.303E+00
0.546E+00;0.927E+00;0.426E+00;0.711E+00;0.303E+00
0.547E+00;0.927E+00;0.426E+00;0.711E+00;0.303E+00
0.548E+00;0.927E+00;0.426E+00;0.711E+00;0.303E+00
0.549E+00;0.927E+00;0.426E+00;0.711E+00;0.303E+00
0.550E+00;0.927E+00;0.426E+00;0.711E+00;0.303E+00
0.551E+00;0.927E+00;0.426E+00;0.711E+00;0.303E+00
0.552E+00;0.927E+00;0.426E+00;0.711E+00;0.303E+00
0.553E+00;0.927E+00;0.426E+00;0.711E+00;0.303E+00
0.554E+00;0.927E+00;0.426E+00;0.711E+00;0.303E+00
0.555E+00;0.927E+00;0.426E+00;0.711E+00;0.303E+00
0.556E+00;0.927E+00;0.426E+00;0.711E+00;0.303E+00
0.557E+00;0.927E+00;0.426E+00;0.711E+00;0.303E+00
0.558E+00;0.927E+00;0.426E+00;0.711E+00;0.303E+00
0.559E+00;0.927E+00;0.426E+00;0.711E+00;0.303E+00
0.560E+00;0.927E+00;0.426E+00;0.711E+00;0.303E+00
0.561E+00;0.927E+00;0.426E+00;0.711E+00;0.303E+00
0.562E+00;0.927E+00;0.426E+00;0.711E+00;0.303E+00
0.563E+00;0.927E+00;0.426E+00;0.711E+00;0.303E+00
0.564E+00;0.927E+00;0.426E+00;0.711E+00;0.303E+00
0.565E+00;0.927E+00;0.426E+00;0.711E+00;0.303E+00
0.566E+00;0.927E+00;0.426E+00;0.711E+00;0.303E+00
0.567E+00;0.927E+00;0.426E+00;0.711E+00;0.303E+00
0.568E+00;0.927E+00;0.426E+00;0.711E+00;0.303E+00
0.569E+00;0.927E+00;0.426E+00;0.711E+00;0.303E+00
0.570E+00;0.927E+00;0.426E+00;0.711E+00;0.303E+00
0.571E+00;0.927E+00;0.426E+00;0.711E+00;0.303E+00
0.572E+00;0.927E+00;0.426E+00;0.711E+00;0.303E+00
0.573E+00;0.927E+00;0.426E+00;0.711E+00;0.303E+00
0.574E+00;0.927E+00;0.426E+00;0.711E+00;0.303E+00
0.575E+00;0.927E+00;0.426E+00;0.711E+00;0.303E+00
0.576E+00;0.927E+00;0.426E+00;0.711E+00;0.303E+00
0.577E+00;0.927E+00;0.426E+00;0.711E+00;0.303E+00
0.578E+00;0.927E+00;0.426E+00;0.711E+00;0.303E+00
0.579E+00;0.927E+00;0.426E+00;0.711E+00;0.303E+00
0.580E+00;0.927E+00;0.426E+00;0.711E+00;0.303E+00
0.581E+00;0.927E+00;0.426E+00;0.711E+00;0.303E+00
0.582E+00;0.927E+00;0.426E+00;0.711E+00;0.303E+00
0.583E+00;0.927E+00;0.426E+00;0.711E+00;0.303E+00
0.584E+00;0.927E+00;0.426E+00;0.711E+00;0.303E+00
0.585E+00;0.927E+00;0.426E+00;0.711E+00;0.303E+00
0.586E+00;0.927E+00;0.426E+00;0.711E+00;0.303E+00
0.587E+00;0.927E+00;0.426E+00;0.711E+00;0.303E+00
0.588E+00;0.927E+00;0.426E+00;0.711E+00;0.303E+00
0.589E+00;0.927E+00;0.426E+00;0.711E+00;0.303E+00
0.590E+00;0.927E+00;0.426E+00;0.711E+00;0.303E+00
0.591E+00;0.927E+00;0.426E+00;0.711E+00;0.303E+00
0.592E+00;0.927E+00;0.426E+00;0.711E+00;0.303E+00
0.593E+00;0.927E+00;0.426E+00;0.711E+00;0.303E+00
0.594E+00;0.927E+00;0.426E+00;0.711E+00;0.303E+00
0.595E+00;0.927E+00;0.426E+00;0.711E+00;0.303E+00
0.596E+00;0.927E+00;0.426E+00;0.711E+00;0.303E+00
0.597E+00;0.927E+00;0.426E+00;0.711E+00;0.303E+00
0.598E+00;0.927E+00;0.426E+00;0.711E+00;0.303E+00
0.599E+00;0.927E+00;0.426E+00;0.711E+00;0.303E+00
0.600E+00;0.927E+00;0.426E+00;0.711E+00;0.303E+00
0.601E+00;0.927E+00;0.426E+00;0.711E+00;0.303E+00
0.602E+00;0.927E+00;0.426E+00;0.711E+00;0.303E+00
0.603E+00;0.927E+00;0.426E+00;0.711E+00;0.303E+00
0.604E+00;0.927E+00;0.426E+00;0.711E+00;0.303E+00
0.605E+00;0.927E+00;0.426E+00;0.711E+00;0.303E+00
0.606E+00;0.927E+00;0.426E+00;0.711E+00;0.303E+00
0.607E+00;0.927E+00;0.426E+00;0.711E+00;0.303E+00
0.608E+00;0.927E+00;0.426E+00;0.711E+00;0.303E+00
0.609E+00;0.927E+00;0.426E+00;0.711E+00;0.303E+00
0.610E+00;0.927E+00;0.426E+00;0.711E+00;0.303E+00
0.611E+00;0.927E+00;0.426E+00;0.711E+00;0.303E+00
0.612E+00;0.927E+00;0.426E+00;0.711E+00;0.303E+00
0.613E+00;0.927E+00;0.426E+00;0.711E+00;0.303E+00
0.614E+00;0.927E+00;0.426E+00;0.711E+00;0.303E+00
0.615E+00;0.927E+00;0.426E+00;0.711E+00;0.303E+00
0.616E+00;0.927E+00;0.426E+00;0.711E+00;0.303E+00
0.617E+00;0.927E+00;0.426E+00;0.711E+00;0.303E+00
0.618E+00;0.927E+00;0.426E+00;0.711E+00;0.303E+00
0.619E+00;0.927E+00;0.426E+00;0.711E+00;0.303E+00
0.620E+00;0.927E+00;0.426E+00;0.711E+00;0.303E+00
0.621E+00;0.927E+00;0.426E+00;0.711E+00;0.303E+00
0.622E+00;0.927E+00;0.426E+00;0.711E+00;0.303E+00
0.623E+00;0.927E+00;0.426E+00;0.711E+00;0.303E+00
0.624E+00;0.927E+00;0.426E+00;0.711E+00;0.303E+00
0.625E+00;0.927E+00;0.426E+00;0.711E+00;0.303E+00
0.626E+00;0.927E+00;0.426E+00;0.711E+00;0.303E+00
0.627E+00;0.927E+00;0.426E+00;0.711E+00;0.303E+00
0.628E+00;0.927E+00;0.426E+00;0.711E+00;0.303E+00
0.629E+00;0.927E+00;0.426E+00;0.711E+00;0.303E+00
0.630E+00;0.927E+00;0.426E+00;0.711E+00;0.303E+00
0.631E+00;0.927E+00;0.426E+00;0.711E+00;0.303E+00
0.632E+00;0.927E+00;0.426E+00;0.711E+00;0.303E+00
0.633E+00;0.927E+00;0.426E+00;0.711E+00;0.303E+00
0.634E+00;0.927E+00;0.426E+00;0.711E+00;0.303E+00
0.635E+00;0.927E+00;0.426E+00;0.711E+00;0.303E+00
0.636E+00;0.927E+00;0.426E+00;0.711E+00;0.303E+00
0.637E+00;0.927E+00;0.426E+00;0.711E+00;0.303E+00
0.638E+00;0.927E+00;0.426E+00;0.711E+00;0.303E+00
0.639E+00;0.927E+00;0.426E+00;0.711E+00;0.303E+00
0.640E+00;0.927E+00;0.426E+00;0.711E+00;0.303E+00
0.641E+00;0.927E+00;0.426E+00;0.711E+00;0.303E+00
0.642E+00;0.927E+00;0.426E+00;0.711E+00;0.303E+00
0.643E+00;0.927E+00;0.426E+00;0.711E+00;0.303E+00
0.644E+00;0.927E+00;0.426E+00;0.711E+00;0.303E+00
0.645E+00;0.927E+00;0.426E+00;0.711E+00;0.303E+00
0.646E+00;0.927E+00;0.426E+00;0.711E+00;0.303E+00
0.647E+00;0.927E+00;0.426E+00;0.711E+00;0.303E+00
0.648E+00;0.927E+00;0.426E+00;0.711E+00;0.303E+00
0.649E+00;0.927E+00;0.426E+00;0.711E+00;0.303E+00
0.650E+00;0.927E+00;0.426E+00;0.711E+00;0.303E+00
0.651E+00;0.927E+00;0.426E+00;0.711E+00;0.303E+00
0.652E+00;0.927E+00;0.426E+00;0.711E+00;0.303E+00
0.653E+00;0.927E+00;0.426E+00;0.711E+00;0.303E+00
0.654E+00;0.927E+00;0.426E+00;0.711E+00;0.303E+00
0.655E+00;0.927E+00;0.426E+00;0.711E+00;0.303E+00
0.656E+00;0.927E+00;0.426E+00;0.711E+00;0.303E+00
0.657E+00;0.927E+00;0.426E+00;0.711E+00;0.303E+00
0.658E+00;0.927E+00;0.426E+00;0.711E+00;0.303E+00
0.659E+00;0.927E+00;0.426E+00;0.711E+00;0.303E+00
0.660E+00;0.927E+00;0.426E+00;0.711E+00;0.303E+00
0.661E+00;0.927E+00;0.426E+00;0.711E+00;0.303E+00
0.662E+00;0.927E+00;0.426E+00;0.711E+00;0.303E+00
0.663E+00;0.927E+00;0.426E+00;0.711E+00;0.303E+00
0.664E+00;0.927E+00;0.426E+00;0.711E+00;0.303E+00
0.665E+00;0.927E+00;0.426E+00;0.711E+00;0.303E+00
0.666E+00;0.927E+00;0.426E+00;0.711E+00;0.303E+00
0.667E+00;0.927E+00;0.426E+00;0.711E+00;0.303E+00
0.668E+00;0.927E+00;0.426E+00;0.711E+00;0.303E+00
0.669E+00;0.927E+00;0.426E+00;0.711E+00;0.303E+00
0.670E+00;0.927E+00;0.426E+00;0.711E+00;0.303E+00
0.671E+00;0.927E+00;0.426E+00;0.711E+00;0.303E+00
0.672E+00;0.927E+00;0.426E+00;0.711E+00;0.303E+00
0.673E+00;0.927E+00;0.426E+00;0.711E+00;0.303E+00
0.674E+00;0.927E+00;0.426E+00;0.711E+00;0.303E+00
0.675E+00;0.927E+00;0.426E+00;0.711E+00;0.303E+00
0.676E+00;0.927E+00;0.426E+00;0.711E+00;0.303E+00
0.677E+00;0.927E+00;0.426E+00;0.711E+00;0.303E+00
0.678E+00;0.927E+00;0.426E+00;0.711E+00;0.303E+00
0.679E+00;0.927E+00;0.426E+00;0.711E+00;0.303E+00
0.680E+00;0.927E+00;0.426E+00;0.711E+00;0.303E+00
0.681E+00;0.927E+00;0.426E+00;0.711E+00;0.303E+00
0.682E+00;0.927E+00;0.426E+00;0.711E+00;0.303E+00
0.683E+00;0.927E+00;0.426E+00;0.711E+00;0.303E+00
0.684E+00;0.927E+00;0.426E+00;0.711E+00;0.303E+00
0.685E+00;0.927E+00;0.426E+00;0.711E+00;0.303E+00
0.686E+00;0.927E+00;0.426E+00;0.711E+00;0.303E+00
0.687E+00;0.927E+00;0.426E+00;0.711E+00;0.303E+00
0.688E+00;0.927E+00;0.426E+00;0.711E+00;0.303E+00
0.689E+00;0.927E+00;0.426E+00;0.711E+00;0.303E+00
0.690E+00;0.927E+00;0.426E+00;0.711E+00;0.303E+00
0.691E+00;0.927E+00;0.426E+00;0.711E+00;0.303E+00
0.692E+00;0.927E+00;0.426E+00;0.711E+00;0.303E+00
0.693E+00;0.927E+00;0.426E+00;0.711E+00;0.303E+00
0.694E+00;0.927E+00;0.426E+00;0.711E+00;0.303E+00
0.695E+00;0.927E+00;0.426E+00;0.711E+00;0.303E+00
0.696E+00;0.927E+00;0.426E+00;0.711E+00;0.303E+00
0.697E+00;0.927E+00;0.426E+00;0.711E+00;0.303E+00
0.698E+00;0.927E+00;0.426E+00;0.711E+00;0.303E+00
0.699E+00;0.927E+00;0.426E+00;0.711E+00;0.303E+00
0.700E+00;0.927E+00;0.426E+00;0.711E+00;0.303E+00
0.701E+00;0.927E+00;0.426E+00;0.711E+00;0.303E+00
0.702E+00;0.927E+00;0.426E+00;0.711E+00;0.303E+00
0.703E+00;0.927E+00;0.426E+00;0.711E+00;0.303E+00
0.704E+00;0.927E+00;0.426E+00;0.711E+00;0.303E+00
0.705E+00;0.927E+00;0.426E+00;0.711E+00;0.303E+00
0.706E+00;0.927E+00;0.426E+00;0.711E+00;0.303E+00
0.707E+00;0.927E+00;0.426E+00;0.711E+00;0.303E+00
0.708E+00;0.927E+00;0.426E+00;0.711E+00;0.303E+00
0.709E+00;0.927E+00;0.426E+00;0.711E+00;0.303E+00
0.710E+00;0.927E+00;0.426E+00;0.711E+00;0.303E+00
0.711E+00;0.927E+00;0.426E+00;0.711E+00;0.303E+00
0.712E+00;0.927E+00;0.266E+00;0.114E+01;0.303E+00
0.713E+00;0.927E+00;0.266E+00;0.114E+01;0.303E+00
0.714E+00;0.927E+00;0.266E+00;0.114E+01;0.303E+00
0.715E+00;0.927E+00;0.266E+00;0.114E+01;0.303E+00
0.716E+00;0.927E+00;0.266E+00;0.114E+01;0.303E+00
0.717E+00;0.927E+00;0.266E+00;0.114E+01;0.303E+00
0.718E+00;0.927E+00;0.266E+00;0.114E+01;0.303E+00
0.719E+00;0.927E+00;0.266E+00;0.114E+01;0.303E+00
0.720E+00;0.927E+00;0.266E+00;0.114E+01;0.303E+00
0.721E+00;0.927E+00;0.266E+00;0.114E+01;0.303E+00
0.722E+00;0.927E+00;0.266E+00;0.114E+01;0.303E+00
0.723E+00;0.927E+00;0.266E+00;0.114E+01;0.303E+00
0.724E+00;0.927E+00;0.266E+00;0.114E+01;0.303E+00
0.725E+00;0.927E+00;0.266E+00;0.114E+01;0.303E+00
0.726E+00;0.927E+00;0.266E+00;0.114E+01;0.303E+00
0.727E+00;0.927E+00;0.266E+00;0.114E+01;0.303E+00
0.728E+00;0.927E+00;0.266E+00;0.114E+01;0.303E+00
0.729E+00;0.927E+00;0.266E+00;0.114E+01;0.303E+00
0.730E+00;0.927E+00;0.266E+00;0.114E+01;0.303E+00
0.731E+00;0.927E+00;0.266E+00;0.114E+01;0.303E+00
0.732E+00;0.927E+00;0.266E+00;0.114E+01;0.303E+00
0.733E+00;0.927E+00;0.266E+00;0.114E+01;0.303E+00
0.734E+00;0.927E+00;0.266E+00;0.114E+01;0.303E+00
0.735E+00;0.927E+00;0.266E+00;0.114E+01;0.303E+00
0.736E+00;0.927E+00;0.266E+00;0.114E+01;0.303E+00
0.737E+00;0.927E+00;0.266E+00;0.114E+01;0.303E+00
0.738E+00;0.927E+00;0.266E+00;0.114E+01;0.303E+00
0.739E+00;0.927E+00;0.266E+00;0.114E+01;0.303E+00
0.740E+00;0.927E+00;0.266E+00;0.114E+01;0.303E+00
0.741E+00;0.927E+00;0.266E+00;0.114E+01;0.303E+00
0.742E+00;0.927E+00;0.266E+00;0.114E+01;0.303E+00
0.743E+00;0.927E+00;0.266E+00;0.114E+01;0.303E+00
0.744E+00;0.927E+00;0.266E+00;0.114E+01;0.303E+00
0.745E+00;0.927E+00;0.266E+00;0.114E+01;0.303E+00
0.746E+00;0.927E+00;0.266E+00;0.114E+01;0.303E+00
0.747E+00;0.927E+00;0.266E+00;0.114E+01;0.303E+00
0.748E+00;0.927E+00;0.266E+00;0.114E+01;0.303E+00
0.749E+00;0.927E+00;0.266E+00;0.114E+01;0.303E+00
0.750E+00;0.927E+00;0.266E+00;0.114E+01;0.303E+00
0.751E+00;0.927E+00;0.266E+00;0.114E+01;0.303E+00
0.752E+00;0.927E+00;0.266E+00;0.114E+01;0.303E+00
0.753E+00;0.927E+00;0.266E+00;0.114E+01;0.303E+00
0.754E+00;0.927E+00;0.266E+00;0.114E+01;0.303E+00
0.755E+00;0.927E+00;0.266E+00;0.114E+01;0.303E+00
0.756E+00;0.927E+00;0.266E+00;0.114E+01;0.303E+00
0.757E+00;0.927E+00;0.266E+00;0.114E+01;0.303E+00
0.758E+00;0.927E+00;0.266E+00;0.114E+01;0.303E+00
0.759E+00;0.927E+00;0.266E+00;0.114E+01;0.303E+00
0.760E+00;0.927E+00;0.266E+00;0.114E+01;0.303E+00
0.761E+00;0.927E+00;0.266E+00;0.114E+01;0.303E+00
0.762E+00;0.927E+00;0.266E+00;0.114E+01;0.303E+00
0.763E+00;0.927E+00;0.266E+00;0.114E+01;0.303E+00
0.764E+00;0.927E+00;0.266E+00;0.114E+01;0.303E+00
0.765E+00;0.927E+00;0.266E+00;0.114E+01;0.303E+00
0.766E+00;0.927E+00;0.266E+00;0.114E+01;0.303E+00
0.767E+00;0.927E+00;0.266E+00;0.114E+01;0.303E+00
0.768E+00;0.927E+00;0.266E+00;0.114E+01;0.303E+00
0.769E+00;0.927E+00;0.266E+00;0.114E+01;0.303E+00
0.770E+00;0.927E+00;0.266E+00;0.114E+01;0.303E+00
0.771E+00;0.927E+00;0.266E+00;0.114E+01;0.303E+00
0.772E+00;0.927E+00;0.266E+00;0.114E+01;0.303E+00
0.773E+00;0.927E+00;0.266E+00;0.114E+01;0.303E+00
0.774E+00;0.927E+00;0.266E+00;0.114E+01;0.303E+00
0.775E+00;0.927E+00;0.266E+00;0.114E+01;0.303E+00
0.776E+00;0.927E+00;0.266E+00;0.114E+01;0.303E+00
0.777E+00;0.927E+00;0.266E+00;0.114E+01;0.303E+00
0.778E+00;0.927E+00;0.266E+00;0.114E+01;0.303E+00
0.779E+00;0.927E+00;0.266E+00;0.114E+01;0.303E+00
0.780E+00;0.927E+00;0.266E+00;0.114E+01;0.303E+00
0.781E+00;0.927E+00;0.266E+00;0.114E+01;0.303E+00
0.782E+00;0.927E+00;0.266E+00;0.114E+01;0.303E+00
0.783E+00;0.927E+00;0.266E+00;0.114E+01;0.303E+00
0.784E+00;0.927E+00;0.266E+00;0.114E+01;0.303E+00
0.785E+00;0.927E+00;0.266E+00;0.114E+01;0.303E+00
0.786E+00;0.927E+00;0.266E+00;0.114E+01;0.303E+00
0.787E+00;0.927E+00;0.266E+00;0.114E+01;0.303E+00
0.788E+00;0.927E+00;0.266E+00;0.114E+01;0.303E+00
0.789E+00;0.927E+00;0.266E+00;0.114E+01;0.303E+00
0.790E+00;0.927E+00;0.266E+00;0.114E+01;0.303E+00
0.791E+00;0.927E+00;0.266E+00;0.114E+01;0.303E+00
0.792E+00;0.927E+00;0.266E+00;0.114E+01;0.303E+00
0.793E+00;0.927E+00;0.266E+00;0.114E+01;0.303E+00
0.794E+00;0.927E+00;0.266E+00;0.114E+01;0.303E+00
0.795E+00;0.927E+00;0.266E+00;0.114E+01;0.303E+00
0.796E+00;0.927E+00;0.266E+00;0.114E+01;0.303E+00
0.797E+00;0.927E+00;0.266E+00;0.114E+01;0.303E+00
0.798E+00;0.927E+00;0.266E+00;0.114E+01;0.303E+00
0.799E+00;0.927E+00;0.266E+00;0.114E+01;0.303E+00
0.800E+00;0.927E+00;0.266E+00;0.114E+01;0.303E+00
0.801E+00;0.927E+00;0.266E+00;0.114E+01;0.303E+00
0.802E+00;0.927E+00;0.266E+00;0.114E+01;0.303E+00
0.803E+00;0.927E+00;0.266E+00;0.114E+01;0.303E+00
0.804E+00;0.927E+00;0.266E+00;0.114E+01;0.303E+00
0.805E+00;0.927E+00;0.266E+00;0.114E+01;0.303E+00
0.806E+00;0.927E+00;0.266E+00;0.114E+01;0.303E+00
0.807E+00;0.927E+00;0.266E+00;0.114E+01;0.303E+00
0.808E+00;0.927E+00;0.266E+00;0.114E+01;0.303E+00
0.809E+00;0.927E+00;0.266E+00;0.114E+01;0.303E+00
0.810E+00;0.927E+00;0.266E+00;0.114E+01;0.303E+00
0.811E+00;0.927E+00;0.266E+00;0.114E+01;0.303E+00
0.812E+00;0.927E+00;0.266E+00;0.114E+01;0.303E+00
0.813E+00;0.927E+00;0.266E+00;0.114E+01;0.303E+00
0.814E+00;0.927E+00;0.266E+00;0.114E+01;0.303E+00
0.815E+00;0.927E+00;0.266E+00;0.114E+01;0.303E+00
0.816E+00;0.927E+00;0.266E+00;0.114E+01;0.303E+00
0.817E+00;0.927E+00;0.266E+00;0.114E+01;0.303E+00
0.818E+00;0.927E+00;0.266E+00;0.114E+01;0.303E+00
0.819E+00;0.927E+00;0.266E+00;0.114E+01;0.303E+00
0.820E+00;0.927E+00;0.266E+00;0.114E+01;0.303E+00
0.821E+00;0.927E+00;0.266E+00;0.114E+01;0.303E+00
0.822E+00;0.927E+00;0.266E+00;0.114E+01;0.303E+00
0.823E+00;0.927E+00;0.266E+00;0.114E+01;0.303E+00
0.824E+00;0.927E+00;0.266E+00;0.114E+01;0.303E+00
0.825E+00;0.927E+00;0.266E+00;0.114E+01;0.303E+00
0.826E+00;0.927E+00;0.266E+00;0.114E+01;0.303E+00
0.827E+00;0.927E+00;0.266E+00;0.114E+01;0.303E+00
0.828E+00;0.927E+00;0.266E+00;0.114E+01;0.303E+00
0.829E+00;0.927E+00;0.266E+00;0.114E+01;0.303E+00
0.830E+00;0.927E+00;0.266E+00;0.114E+01;0.303E+00
0.831E+00;0.927E+00;0.266E+00;0.114E+01;0.303E+00
0.832E+00;0.927E+00;0.266E+00;0.114E+01;0.303E+00
0.833E+00;0.927E+00;0.266E+00;0.114E+01;0.303E+00
0.834E+00;0.927E+00;0.266E+00;0.114E+01;0.303E+00
0.835E+00;0.927E+00;0.266E+00;0.114E+01;0.303E+00
0.836E+00;0.927E+00;0.266E+00;0.114E+01;0.303E+00
0.837E+00;0.927E+00;0.266E+00;0.114E+01;0.303E+00
0.838E+00;0.927E+00;0.266E+00;0.114E+01;0.303E+00
0.839E+00;0.927E+00;0.266E+00;0.114E+01;0.303E+00
0.840E+00;0.927E+00;0.266E+00;0.114E+01;0.303E+00
0.841E+00;0.927E+00;0.266E+00;0.114E+01;0.303E+00
0.842E+00;0.927E+00;0.266E+00;0.114E+01;0.303E+00
0.843E+00;0.927E+00;0.266E+00;0.114E+01;0.303E+00
0.844E+00;0.927E+00;0.266E+00;0.114E+01;0.303E+00
0.845E+00;0.927E+00;0.266E+00;0.114E+01;0.303E+00
0.846E+00;0.927E+00;0.266E+00;0.114E+01;0.303E+00
0.847E+00;0.927E+00;0.266E+00;0.114E+01;0.303E+00
0.848E+00;0.927E+00;0.266E+00;0.114E+01;0.303E+00
0.849E+00;0.927E+00;0.266E+00;0.114E+01;0.303E+00
0.850E+00;0.927E+00;0.266E+00;0.114E+01;0.303E+00
0.851E+00;0.927E+00;0.266E+00;0.114E+01;0.303E+00
0.852E+00;0.927E+00;0.266E+00;0.114E+01;0.303E+00
0.853E+00;0.927E+00;0.266E+00;0.114E+01;0.303E+00
0.854E+00;0.927E+00;0.266E+00;0.114E+01;0.303E+00
0.855E+00;0.927E+00;0.266E+00;0.114E+01;0.303E+00
0.856E+00;0.927E+00;0.266E+00;0.114E+01;0.303E+00
0.857E+00;0.927E+00;0.266E+00;0.114E+01;0.303E+00
0.858E+00;0.927E+00;0.266E+00;0.114E+01;0.303E+00
0.859E+00;0.927E+00;0.266E+00;0.114E+01;0.303E+00
0.860E+00;0.927E+00;0.266E+00;0.114E+01;0.303E+00
0.861E+00;0.927E+00;0.266E+00;0.114E+01;0.303E+00
0.862E+00;0.927E+00;0.266E+00;0.114E+01;0.303E+00
0.863E+00;0.927E+00;0.266E+00;0.114E+01;0.303E+00
0.864E+00;0.927E+00;0.266E+00;0.114E+01;0.303E+00
0.865E+00;0.927E+00;0.266E+00;0.114E+01;0.303E+00
0.866E+00;0.927E+00;0.266E+00;0.114E+01;0.303E+00
0.867E+00;0.927E+00;0.266E+00;0.114E+01;0.303E+00
0.868E+00;0.927E+00;0.266E+00;0.114E+01;0.303E+00
0.869E+00;0.927E+00;0.266E+00;0.114E+01;0.303E+00
0.870E+00;0.927E+00;0.266E+00;0.114E+01;0.303E+00
0.871E+00;0.927E+00;0.266E+00;0.114E+01;0.303E+00
0.872E+00;0.927E+00;0.266E+00;0.114E+01;0.303E+00
0.873E+00;0.927E+00;0.266E+00;0.114E+01;0.303E+00
0.874E+00;0.927E+00;0.266E+00;0.114E+01;0.303E+00
0.875E+00;0.927E+00;0.266E+00;0.114E+01;0.303E+00
0.876E+00;0.927E+00;0.266E+00;0.114E+01;0.303E+00
0.877E+00;0.927E+00;0.266E+00;0.114E+01;0.303E+00
0.878E+00;0.927E+00;0.266E+00;0.114E+01;0.303E+00
0.879E+00;0.927E+00;0.266E+00;0.114E+01;0.303E+00
0.880E+00;0.927E+00;0.266E+00;0.114E+01;0.303E+00
0.881E+00;0.927E+00;0.266E+00;0.114E+01;0.303E+00
0.882E+00;0.927E+00;0.266E+00;0.114E+01;0.303E+00
0.883E+00;0.927E+00;0.266E+00;0.114E+01;0.303E+00
0.884E+00;0.927E+00;0.266E+00;0.114E+01;0.303E+00
0.885E+00;0.927E+00;0.266E+00;0.114E+01;0.303E+00
0.886E+00;0.927E+00;0.266E+00;0.114E+01;0.303E+00
0.887E+00;0.927E+00;0.266E+00;0.114E+01;0.303E+00
0.888E+00;0.927E+00;0.266E+00;0.114E+01;0.303E+00
0.889E+00;0.927E+00;0.266E+00;0.114E+01;0.303E+00
0.890E+00;0.927E+00;0.266E+00;0.114E+01;0.303E+00
0.891E+00;0.927E+00;0.266E+00;0.114E+01;0.303E+00
0.892E+00;0.927E+00;0.266E+00;0.114E+01;0.303E+00
0.893E+00;0.927E+00;0.266E+00;0.114E+01;0.303E+00
0.894E+00;0.927E+00;0.266E+00;0.114E+01;0.303E+00
0.895E+00;0.927E+00;0.266E+00;0.114E+01;0.303E+00
0.896E+00;0.927E+00;0.266E+00;0.114E+01;0.303E+00
0.897E+00;0.927E+00;0.266E+00;0.114E+01;0.303E+00
0.898E+00;0.927E+00;0.266E+00;0.114E+01;0.303E+00
0.899E+00;0.927E+00;0.266E+00;0.114E+01;0.303E+00
0.900E+00;0.000E+00;0.125E+00;0.800E+00;0.100E+00
0.901E+00;0.000E+00;0.125E+00;0.800E+00;0.100E+00
0.902E+00;0.000E+00;0.125E+00;0.800E+00;0.100E+00
0.903E+00;0.000E+00;0.125E+00;0.800E+00;0.100E+00
0.904E+00;0.000E+00;0.125E+00;0.800E+00;0.100E+00
0.905E+00;0.000E+00;0.125E+00;0.800E+00;0.100E+00
0.906E+00;0.000E+00;0.125E+00;0.800E+00;0.100E+00
0.907E+00;0.000E+00;0.125E+00;0.800E+00;0.100E+00
0.908E+00;0.000E+00;0.125E+00;0.800E+00;0.100E+00
0.909E+00;0.000E+00;0.125E+00;0.800E+00;0.100E+00
0.910E+00;0.000E+00;0.125E+00;0.800E+00;0.100E+00
0.911E+00;0.000E+00;0.125E+00;0.800E+00;0.100E+00
0.912E+00;0.000E+00;0.125E+00;0.800E+00;0.100E+00
0.913E+00;0.000E+00;0.125E+00;0.800E+00;0.100E+00
0.914E+00;0.000E+00;0.125E+00;0.800E+00;0.100E+00
0.915E+00;0.000E+00;0.125E+00;0.800E+00;0.100E+00
0.916E+00;0.000E+00;0.125E+00;0.800E+00;0.100E+00
0.917E+00;0.000E+00;0.125E+00;0.800E+00;0.100E+00
0.918E+00;0.000E+00;0.125E+00;0.800E+00;0.100E+00
0.919E+00;0.000E+00;0.125E+00;0.800E+00;0.100E+00
0.920E+00;0.000E+00;0.125E+00;0.800E+00;0.100E+00
0.921E+00;0.000E+00;0.125E+00;0.800E+00;0.100E+00
0.922E+00;0.000E+00;0.125E+00;0.800E+00;0.100E+00
0.923E+00;0.000E+00;0.125E+00;0.800E+00;0.100E+00
0.924E+00;0.000E+00;0.125E+00;0.800E+00;0.100E+00
0.925E+00;0.000E+00;0.125E+00;0.800E+00;0.100E+00
0.926E+00;0.000E+00;0.125E+00;0.800E+00;0.100E+00
0.927E+00;0.000E+00;0.125E+00;0.800E+00;0.100E+00
0.928E+00;0.000E+00;0.125E+00;0.800E+00;0.100E+00
0.929E+00;0.000E+00;0.125E+00;0.800E+00;0.100E+00
0.930E+00;0.000E+00;0.125E+00;0.800E+00;0.100E+00
0.931E+00;0.000E+00;0.125E+00;0.800E+00;0.100E+00
0.932E+00;0.000E+00;0.125E+00;0.800E+00;0.100E+00
0.933E+00;0.000E+00;0.125E+00;0.800E+00;0.100E+00
0.934E+00;0.000E+00;0.125E+00;0.800E+00;0.100E+00
0.935E+00;0.000E+00;0.125E+00;0.800E+00;0.100E+00
0.936E+00;0.000E+00;0.125E+00;0.800E+00;0.100E+00
0.937E+00;0.000E+00;0.125E+00;0.800E+00;0.100E+00
0.938E+00;0.000E+00;0.125E+00;0.800E+00;0.100E+00
0.939E+00;0.000E+00;0.125E+00;0.800E+00;0.100E+00
0.940E+00;0.000E+00;0.125E+00;0.800E+00;0.100E+00
0.941E+00;0.000E+00;0.125E+00;0.800E+00;0.100E+00
0.942E+00;0.000E+00;0.125E+00;0.800E+00;0.100E+00
0.943E+00;0.000E+00;0.125E+00;0.800E+00;0.100E+00
0.944E+00;0.000E+00;0.125E+00;0.800E+00;0.100E+00
0.945E+00;0.000E+00;0.125E+00;0.800E+00;0.100E+00
0.946E+00;0.000E+00;0.125E+00;0.800E+00;0.100E+00
0.947E+00;0.000E+00;0.125E+00;0.800E+00;0.100E+00
0.948E+00;0.000E+00;0.125E+00;0.800E+00;0.100E+00
0.949E+00;0.000E+00;0.125E+00;0.800E+00;0.100E+00
0.950E+00;0.000E+00;0.125E+00;0.800E+00;0.100E+00
0.951E+00;0.000E+00;0.125E+00;0.800E+00;0.100E+00
0.952E+00;0.000E+00;0.125E+00;0.800E+00;0.100E+00
0.953E+00;0.000E+00;0.125E+00;0.800E+00;0.100E+00
0.954E+00;0.000E+00;0.125E+00;0.800E+00;0.100E+00
0.955E+00;0.000E+00;0.125E+00;0.800E+00;0.100E+00
0.956E+00;0.000E+00;0.125E+00;0.800E+00;0.100E+00
0.957E+00;0.000E+00;0.125E+00;0.800E+00;0.100E+00
0.958E+00;0.000E+00;0.125E+00;0.800E+00;0.100E+00
0.959E+00;0.000E+00;0.125E+00;0.800E+00;0.100E+00
0.960E+00;0.000E+00;0.125E+00;0.800E+00;0.100E+00
0.961E+00;0.000E+00;0.125E+00;0.800E+00;0.100E+00
0.962E+00;0.000E+00;0.125E+00;0.800E+00;0.100E+00
0.963E+00;0.000E+00;0.125E+00;0.800E+00;0.100E+00
0.964E+00;0.000E+00;0.125E+00;0.800E+00;0.100E+00
0.965E+00;0.000E+00;0.125E+00;0.800E+00;0.100E+00
0.966E+00;0.000E+00;0.125E+00;0.800E+00;0.100E+00
0.967E+00;0.000E+00;0.125E+00;0.800E+00;0.100E+00
0.968E+00;0.000E+00;0.125E+00;0.800E+00;0.100E+00
0.969E+00;0.000E+00;0.125E+00;0.800E+00;0.100E+00
0.970E+00;0.000E+00;0.125E+00;0.800E+00;0.100E+00
0.971E+00;0.000E+00;0.125E+00;0.800E+00;0.100E+00
0.972E+00;0.000E+00;0.125E+00;0.800E+00;0.100E+00
0.973E+00;0.000E+00;0.125E+00;0.800E+00;0.100E+00
0.974E+00;0.000E+00;0.125E+00;0.800E+00;0.100E+00
0.975E+00;0.000E+00;0.125E+00;0.800E+00;0.100E+00
0.976E+00;0.000E+00;0.125E+00;0.800E+00;0.100E+00
0.977E+00;0.000E+00;0.125E+00;0.800E+00;0.100E+00
0.978E+00;0.000E+00;0.125E+00;0.800E+00;0.100E+00
0.979E+00;0.000E+00;0.125E+00;0.800E+00;0.100E+00
0.980E+00;0.000E+00;0.125E+00;0.800E+00;0.100E+00
0.981E+00;0.000E+00;0.125E+00;0.800E+00;0.100E+00
0.982E+00;0.000E+00;0.125E+00;0.800E+00;0.100E+00
0.983E+00;0.000E+00;0.125E+00;0.800E+00;0.100E+00
0.984E+00;0.000E+00;0.125E+00;0.800E+00;0.100E+00
0.985E+00;0.000E+00;0.125E+00;0.800E+00;0.100E+00
0.986E+00;0.000E+00;0.125E+00;0.800E+00;0.100E+00
0.987E+00;0.000E+00;0.125E+00;0.800E+00;0.100E+00
0.988E+00;0.000E+00;0.125E+00;0.800E+00;0.100E+00
0.989E+00;0.000E+00;0.125E+00;0.800E+00;0.100E+00
0.990E+00;0.000E+00;0.125E+00;0.800E+00;0.100E+00
0.991E+00;0.000E+00;0.125E+00;0.800E+00;0.100E+00
0.992E+00;0.000E+00;0.125E+00;0.800E+00;0.100E+00
0.993E+00;0.000E+00;0.125E+00;0.800E+00;0.100E+00
0.994E+00;0.000E+00;0.125E+00;0.800E+00;0.100E+00
0.995E+00;0.000E+00;0.125E+00;0.800E+00;0.100E+00
0.996E+00;0.000E+00;0.125E+00;0.800E+00;0.100E+00
0.997E+00;0.000E+00;0.125E+00;0.800E+00;0.100E+00
0.998E+00;0.000E+00;0.125E+00;0.800E+00;0.100E+00
0.999E+00;0.000E+00;0.125E+00;0.800E+00;0.100E+00
0.100E+01;0.000E+00;0.125E+00;0.800E+00;0.100E+00